[gd_scene load_steps=5 format=3 uid="uid://be7bu8y44uo8o"]

[ext_resource type="Script" uid="uid://b8j6es8a4uo70" path="res://scenes/levels/multiplayer/koth/flat/flat_koth_level.gd" id="1_kqgyu"]

[sub_resource type="ProceduralSkyMaterial" id="ProceduralSkyMaterial_kqgyu"]
sky_horizon_color = Color(0.662243, 0.671743, 0.686743, 1)
ground_horizon_color = Color(0.662243, 0.671743, 0.686743, 1)

[sub_resource type="Sky" id="Sky_ad1um"]
sky_material = SubResource("ProceduralSkyMaterial_kqgyu")

[sub_resource type="Environment" id="Environment_37s2p"]
background_mode = 2
sky = SubResource("Sky_ad1um")
tonemap_mode = 2
glow_enabled = true

[node name="FlatKothLevel" type="Node3D"]
script = ExtResource("1_kqgyu")

[node name="Terrain" type="CSGBox3D" parent="."]
transform = Transform3D(0.707107, 0, -0.707107, 0, 1, 0, 0.707107, 0, 0.707107, 0, 0, 0)
size = Vector3(13, 0.5, 13)

[node name="WorldEnvironment" type="WorldEnvironment" parent="."]
environment = SubResource("Environment_37s2p")

[node name="DirectionalLight3D" type="DirectionalLight3D" parent="."]
transform = Transform3D(-0.866023, -0.433016, 0.250001, 0, 0.499998, 0.866027, -0.500003, 0.749999, -0.43301, 0, 0, 0)
shadow_enabled = true

[node name="Camera3D" type="Camera3D" parent="."]
transform = Transform3D(1, 0, 0, 0, 0.866025, 0.5, 0, -0.5, 0.866025, 0, 7, 14)
fov = 50.0
